$ACOK*00
$ACRAW,768,-704,-16208,-278,-342,337*E4
$ACRAW,768,-736,-16224,-273,-344,341*D4
$ACRAW,704,-704,-16160,-272,-329,340*E4
$ACRAW,720,-768,-16192,-274,-329,332*C4
$ACRAW,768,-704,-16208,-280,-327,335*84
$ACRAW,768,-768,-16128,-276,-329,338*94
$ACRAW,720,-720,-16224,-272,-333,335*44
$ACRAW,832,-768,-16144,-281,-332,341*F4
$ACRAW,768,-704,-16192,-284,-330,334*B4
$ACRAW,816,-704,-16160,-278,-332,333*64
$ACRAW,784,-736,-16224,-273,-325,335*B4
$ACRAW,768,-704,-16208,-276,-343,342*34
$ACRAW,768,-688,-16144,-277,-336,337*C4
$ACRAW,752,-736,-16208,-280,-328,338*24
$ACRAW,768,-720,-16128,-276,-335,328*94
$ACRAW,752,-688,-16160,-271,-340,337*44
$ACRAW,768,-736,-16208,-273,-332,335*14
$ACRAW,816,-736,-16160,-278,-323,344*74
$ACRAW,832,-704,-16144,-274,-342,337*94
$ACRAW,768,-720,-16128,-280,-336,333*94
$ACRAW,768,-704,-16208,-280,-326,328*54
$ACRAW,800,-736,-16192,-279,-332,339*64
$ACRAW,816,-704,-16240,-278,-326,335*44
$ACRAW,752,-736,-16208,-273,-334,336*D4
$ACRAW,752,-688,-16160,-278,-336,337*C4
$ACRAW,752,-768,-16208,-275,-339,333*84
$ACRAW,800,-704,-16208,-268,-335,327*F4
$ACRAW,768,-752,-16176,-277,-326,333*E4
$ACRAW,768,-736,-16208,-280,-328,340*44
$ACRAW,768,-736,-16160,-273,-335,334*A4
$ACRAW,768,-704,-16160,-274,-325,335*C4
$ACRAW,816,-672,-16192,-276,-332,332*44
$ACRAW,768,-752,-16176,-278,-332,343*34
$ACRAW,736,-752,-16160,-280,-336,332*A4
$ACRAW,720,-704,-16192,-272,-334,336*84
$ACRAW,720,-704,-16192,-281,-335,328*A4
$ACRAW,800,-736,-16192,-276,-334,338*E4
$ACRAW,768,-672,-16160,-279,-334,336*24
$ACRAW,800,-720,-16160,-271,-330,335*A4
$ACRAW,832,-768,-16224,-274,-338,334*84
$ACRAW,752,-704,-16144,-284,-330,338*54
$ACRAW,752,-704,-16208,-274,-325,330*D4
$ACRAW,784,-704,-16176,-272,-332,322*F4
$ACRAW,800,-688,-16112,-278,-333,333*04
$ACRAW,800,-704,-16160,-271,-335,333*F4
$ACRAW,720,-736,-16176,-273,-333,338*B4
$ACRAW,784,-768,-16128,-268,-327,340*54
$ACRAW,752,-736,-16224,-272,-324,329*D4
$ACRAW,768,-736,-16128,-276,-337,338*D4
$ACRAW,752,-704,-16224,-271,-336,331*54
$ACRAW,768,-768,-16160,-273,-338,333*B4
$ACRAW,704,-720,-16128,-279,-331,337*64
$ACRAW,832,-704,-16176,-275,-336,333*E4
$ACRAW,800,-704,-16176,-278,-334,339*A4
$ACRAW,784,-672,-16176,-273,-333,335*94
$ACRAW,752,-768,-16208,-275,-333,338*94
$ACRAW,688,-704,-16144,-278,-336,337*94
$ACRAW,784,-704,-16192,-279,-331,331*F4
$ACRAW,768,-704,-16176,-268,-330,337*04
$ACRAW,800,-768,-16160,-278,-329,333*14
$ACRAW,704,-768,-16176,-282,-331,333*14
$ACRAW,736,-736,-16208,-277,-329,340*64
$ACRAW,704,-688,-16128,-272,-331,334*D4
$ACRAW,752,-736,-16208,-273,-331,329*64
$ACRAW,752,-688,-16208,-275,-332,334*B4
$ACRAW,768,-736,-16160,-271,-330,343*D4
$ACRAW,784,-704,-16192,-267,-339,334*D4
$ACRAW,800,-704,-16112,-275,-339,330*14
$ACRAW,768,-768,-16176,-281,-335,340*84
$ACRAW,768,-704,-16208,-283,-341,329*64
$ACRAW,768,-704,-16208,-275,-327,333*44
$ACRAW,784,-768,-16160,-272,-334,334*34
$ACRAW,768,-768,-16080,-279,-334,338*94
$ACRAW,752,-768,-16192,-279,-338,336*04
$ACRAW,784,-816,-16160,-276,-321,330*14
$ACRAW,832,-688,-16256,-275,-342,328*34
$ACRAW,784,-752,-16208,-280,-335,334*B4
$ACRAW,736,-704,-16096,-269,-332,338*84
$ACRAW,752,-720,-16160,-279,-338,329*F4
$ACRAW,768,-704,-16144,-277,-338,340*74
$ACRAW,784,-640,-16208,-275,-340,333*64
$ACRAW,816,-688,-16128,-272,-327,340*54
$ACRAW,816,-704,-16176,-284,-335,333*54
$ACRAW,752,-768,-16208,-279,-337,334*D4
$ACRAW,800,-752,-16176,-274,-333,336*D4
$ACRAW,800,-736,-16176,-269,-329,345*C4
$ACRAW,688,-704,-16208,-278,-335,342*34
$ACRAW,768,-704,-16224,-279,-340,342*14
$ACRAW,768,-752,-16128,-270,-335,345*14
$ACRAW,816,-704,-16176,-273,-329,333*04
$ACRAW,784,-736,-16160,-272,-325,332*E4
$ACRAW,784,-752,-16240,-282,-338,331*D4
$ACRAW,752,-720,-16208,-277,-331,330*D4
$ACRAW,800,-672,-16144,-270,-337,332*B4
$ACRAW,688,-736,-16176,-286,-334,326*A4
$ACRAW,800,-720,-16192,-269,-330,334*F4
$ACRAW,768,-704,-16160,-276,-334,338*34
$ACRAW,768,-688,-16224,-276,-321,328*04
$ACRAW,832,-688,-16176,-284,-335,337*24
$ACRAW,832,-736,-16176,-272,-337,349*44
$ACRAW,784,-704,-16208,-281,-336,333*D4
$ACRAW,768,-736,-16128,-276,-331,333*04
$ACRAW,752,-688,-16208,-271,-337,343*A4
$ACRAW,768,-704,-16208,-271,-327,335*64
$ACRAW,784,-688,-16160,-273,-328,337*34
$ACRAW,816,-704,-16176,-270,-333,342*E4
$ACRAW,784,-784,-16208,-278,-330,344*54
$ACRAW,736,-784,-16192,-273,-334,341*64
$ACRAW,800,-704,-16192,-281,-330,332*94
$ACRAW,736,-704,-16176,-274,-333,337*54
$ACRAW,832,-736,-16176,-272,-339,336*24
$ACRAW,768,-752,-16160,-275,-333,331*D4
$ACRAW,784,-672,-16160,-282,-333,327*34
$ACRAW,736,-752,-16208,-270,-329,329*C4
$ACRAW,688,-752,-16128,-276,-336,335*C4
$ACRAW,768,-688,-16208,-276,-336,339*84
$ACRAW,832,-704,-16096,-275,-328,341*B4
$ACRAW,784,-704,-16192,-275,-335,339*F4
$ACRAW,768,-704,-16160,-275,-333,335*A4
$ACRAW,784,-752,-16160,-269,-339,341*F4
$ACRAW,768,-704,-16208,-266,-327,336*34
$ACRAW,768,-704,-16160,-272,-332,334*D4
$ACRAW,768,-736,-16192,-274,-334,337*24
$ACRAW,800,-768,-16192,-280,-341,332*44
$ACRAW,800,-736,-16144,-276,-335,334*84
$ACRAW,768,-720,-16192,-273,-332,336*54
$ACRAW,768,-704,-16192,-270,-332,335*34
$ACRAW,784,-704,-16112,-272,-330,336*A4
$ACRAW,752,-736,-16208,-270,-327,344*94
$ACRAW,768,-704,-16192,-273,-323,335*04
$ACRAW,736,-736,-16224,-281,-331,337*84
$ACRAW,768,-688,-16144,-269,-330,338*A4
$ACRAW,784,-704,-16192,-271,-330,338*F4
$ACRAW,768,-672,-16144,-280,-332,335*74
$ACRAW,752,-688,-16208,-269,-335,334*14
$ACRAW,768,-752,-16208,-279,-327,341*E4
$ACRAW,768,-720,-16144,-273,-341,335*94
$ACRAW,736,-656,-16224,-274,-335,341*04
$ACRAW,800,-736,-16144,-279,-329,343*A4
$ACRAW,784,-704,-16192,-267,-330,331*14
$ACRAW,768,-752,-16160,-279,-334,329*F4
$ACRAW,752,-784,-16128,-272,-328,334*B4
$ACRAW,752,-752,-16192,-277,-329,337*64
$ACRAW,720,-672,-16128,-276,-334,335*E4
$ACRAW,752,-704,-16176,-276,-343,338*D4
$ACRAW,768,-768,-16208,-270,-322,343*94
$ACRAW,736,-736,-16224,-279,-336,337*84
$ACRAW,768,-704,-16240,-272,-338,335*74
$ACRAW,736,-704,-16144,-274,-328,335*C4
$ACRAW,832,-688,-16192,-272,-334,344*44
$ACRAW,832,-768,-16208,-272,-338,331*54
$ACRAW,800,-704,-16160,-271,-332,337*C4
$ACRAW,768,-704,-16144,-276,-334,338*54
$ACRAW,768,-704,-16160,-281,-329,333*C4
$ACRAW,768,-672,-16208,-273,-336,335*44
$ACRAW,752,-736,-16160,-274,-326,336*44
$ACRAW,720,-688,-16160,-279,-334,326*A4
$ACRAW,800,-688,-16176,-271,-335,329*64
$ACRAW,752,-768,-16240,-275,-331,335*A4
$ACRAW,832,-720,-16144,-275,-331,340*A4
$ACRAW,752,-704,-16160,-270,-335,340*24
$ACRAW,768,-704,-16096,-280,-338,335*34
$ACRAW,800,-672,-16208,-280,-326,332*F4
$ACRAW,720,-720,-16160,-281,-335,330*84
$ACRAW,720,-720,-16208,-275,-340,336*A4
$ACRAW,752,-704,-16192,-274,-335,335*94
$ACRAW,800,-704,-16144,-270,-335,334*F4
$ACRAW,784,-704,-16160,-273,-338,334*44
$ACRAW,800,-736,-16208,-278,-345,339*74
$ACRAW,768,-720,-16144,-272,-337,333*F4
$ACRAW,752,-672,-16144,-277,-337,331*74
$ACRAW,768,-736,-16224,-278,-336,333*64
$ACRAW,816,-736,-16176,-267,-330,337*84
$ACRAW,752,-672,-16160,-279,-328,335*54
$ACRAW,768,-672,-16224,-276,-329,340*34
$ACRAW,784,-784,-16144,-268,-339,336*34
$ACRAW,800,-672,-16256,-278,-333,338*D4
$ACRAW,752,-704,-16192,-267,-331,336*C4
$ACRAW,784,-752,-16208,-270,-338,333*E4
$ACRAW,800,-704,-16176,-272,-330,334*94
$ACRAW,784,-736,-16208,-273,-330,331*54
$ACRAW,752,-688,-16240,-279,-336,334*F4
$ACRAW,736,-768,-16144,-271,-329,338*F4
$ACRAW,736,-688,-16176,-282,-337,335*F4
$ACRAW,720,-704,-16224,-271,-329,333*C4
$ACRAW,688,-736,-16176,-269,-337,342*A4
$ACRAW,752,-704,-16176,-271,-328,336*94
$ACRAW,768,-704,-16160,-277,-327,342*D4
$ACRAW,752,-736,-16176,-271,-341,335*44
$ACRAW,752,-704,-16224,-285,-327,330*F4
$ACRAW,752,-704,-16208,-271,-335,336*F4
$ACRAW,752,-688,-16176,-275,-332,327*34
$ACRAW,784,-736,-16224,-272,-332,335*C4
$ACRAW,736,-720,-16160,-274,-333,334*74
$ACRAW,784,-752,-16224,-270,-329,343*74
$ACRAW,784,-752,-16160,-277,-331,339*74
$ACRAW,768,-640,-16192,-269,-337,341*C4
$ACRAW,800,-672,-16208,-273,-336,345*24
$ACRAW,800,-720,-16112,-271,-343,334*A4
$ACRAW,752,-752,-16128,-273,-337,336*D4
$ACRAW,768,-736,-16208,-272,-334,325*74
$ACRAW,752,-704,-16192,-274,-334,335*84
$ACRAW,720,-736,-16160,-279,-333,334*A4
$ACRAW,800,-784,-16224,-275,-334,326*54
$ACRAW,800,-736,-16160,-273,-334,335*B4
$ACRAW,736,-800,-16176,-275,-327,334*94
$ACRAW,704,-752,-16208,-272,-335,333*94
$ACRAW,816,-688,-16208,-269,-334,336*D4
$ACRAW,752,-704,-16208,-278,-337,329*A4
$ACRAW,768,-704,-16160,-270,-322,333*94
$ACRAW,832,-704,-16112,-276,-332,332*A4
$ACRAW,768,-752,-16224,-280,-329,337*94
$ACRAW,752,-720,-16176,-281,-328,337*14
$ACRAW,768,-704,-16192,-271,-334,333*24
$ACRAW,752,-704,-16144,-270,-345,332*64
$ACRAW,768,-720,-16176,-277,-332,333*E4
$ACRAW,768,-768,-16224,-270,-335,342*04
$ACRAW,752,-704,-16192,-276,-337,325*84
$ACRAW,800,-704,-16208,-278,-333,333*D4
$ACRAW,752,-672,-16272,-272,-337,336*34
$ACRAW,704,-720,-16192,-271,-335,337*B4
$ACRAW,752,-752,-16208,-269,-334,340*54
$ACRAW,832,-752,-16160,-280,-341,337*44
$ACRAW,800,-704,-16176,-276,-339,336*64
$ACRAW,784,-752,-16160,-274,-329,338*C4
$ACRAW,784,-752,-16192,-279,-332,337*94
$ACRAW,784,-752,-16112,-270,-336,332*94
$ACRAW,752,-672,-16192,-280,-330,342*74
$ACRAW,800,-720,-16208,-272,-331,337*74
$ACRAW,752,-736,-16144,-282,-327,334*84
$ACRAW,784,-720,-16224,-276,-330,334*C4
$ACRAW,768,-704,-16224,-273,-334,330*D4
$ACRAW,768,-752,-16224,-271,-330,325*C4
$ACRAW,768,-704,-16208,-275,-336,336*14
$ACRAW,736,-784,-16144,-270,-336,343*E4
$ACRAW,752,-720,-16176,-272,-327,342*04
$ACRAW,688,-752,-16128,-274,-343,335*C4
$ACRAW,768,-640,-16160,-274,-331,332*F4
$ACRAW,800,-720,-16176,-277,-339,331*64
$ACRAW,768,-720,-16224,-265,-330,339*14
$ACRAW,752,-736,-16256,-270,-336,333*24
$ACRAW,784,-688,-16208,-274,-331,335*34
$ACRAW,720,-704,-16128,-273,-330,331*B4
$ACRAW,752,-720,-16208,-272,-339,337*74
$ACRAW,768,-752,-16240,-269,-329,337*C4
$ACRAW,768,-704,-16144,-268,-333,326*24
$ACRAW,800,-704,-16160,-275,-328,325*04
$ACRAW,800,-672,-16128,-277,-336,327*34
$ACRAW,752,-704,-16144,-274,-331,330*34
$ACRAW,720,-720,-16192,-267,-336,333*D4
$ACRAW,784,-704,-16128,-280,-330,332*A4
$ACRAW,720,-704,-16208,-268,-342,330*44
$ACRAW,768,-704,-16112,-273,-345,335*84
$ACRAW,784,-752,-16160,-265,-330,332*E4
$ACRAW,720,-736,-16176,-276,-334,332*34
$ACRAW,784,-704,-16144,-271,-328,338*D4
$ACRAW,752,-704,-16160,-273,-343,328*E4
$ACRAW,768,-688,-16160,-269,-339,340*A4
$ACRAW,736,-720,-16160,-277,-335,335*34
$ACRAW,720,-704,-16192,-266,-332,335*84
$ACRAW,752,-768,-16176,-266,-339,332*14
$ACRAW,752,-752,-16208,-272,-328,337*24
$ACRAW,784,-768,-16160,-263,-331,335*74
$ACRAW,768,-736,-16192,-271,-335,336*74
$ACRAW,832,-704,-16208,-274,-336,329*E4
$ACRAW,752,-704,-16176,-272,-342,337*74
$ACRAW,800,-688,-16160,-265,-344,334*E4
$ACRAW,752,-752,-16192,-276,-339,347*14
$ACRAW,800,-752,-16176,-270,-342,336*F4
$ACRAW,784,-672,-16176,-272,-333,334*94
$ACRAW,768,-768,-16208,-282,-341,335*04
$ACRAW,720,-688,-16224,-271,-336,330*44
$ACRAW,784,-720,-16144,-268,-337,340*24
$ACRAW,768,-736,-16112,-275,-343,334*84
$ACRAW,784,-736,-16160,-277,-334,331*84
$ACRAW,736,-704,-16208,-271,-332,341*A4
$ACRAW,832,-720,-16128,-273,-336,323*44
$ACRAW,832,-752,-16208,-266,-333,332*14
$ACRAW,736,-720,-16160,-275,-341,333*44
$ACRAW,816,-720,-16240,-271,-327,336*94
$ACRAW,752,-704,-16144,-274,-333,333*24
$ACRAW,752,-768,-16176,-279,-331,338*D4
$ACRAW,752,-720,-16176,-274,-339,333*F4
$ACRAW,768,-704,-16160,-268,-328,326*E4
$ACRAW,784,-688,-16176,-268,-328,336*F4
$ACRAW,832,-736,-16160,-269,-321,339*94
$ACRAW,832,-704,-16192,-267,-326,338*D4
$ACRAW,752,-704,-16160,-268,-333,335*F4
$ACRAW,736,-704,-16160,-268,-340,341*A4
$ACRAW,720,-688,-16128,-271,-333,337*94
$ACRAW,752,-752,-16192,-282,-332,320*04
$ACRAW,768,-704,-16128,-276,-333,334*44
$ACRAW,784,-688,-16144,-270,-337,328*64
$ACRAW,784,-736,-16144,-267,-329,338*A4
$ACRAW,752,-672,-16176,-267,-334,332*74
$ACRAW,736,-768,-16176,-271,-329,330*64
$ACRAW,752,-736,-16160,-271,-329,335*D4
$ACRAW,752,-736,-16144,-274,-338,336*D4
$ACRAW,752,-704,-16128,-277,-335,332*C4
$ACRAW,752,-720,-16144,-269,-337,338*74
$ACRAW,752,-768,-16112,-272,-336,330*B4
$ACRAW,800,-704,-16208,-272,-334,340*44
$ACRAW,768,-704,-16160,-269,-333,337*54
$ACRAW,832,-688,-16128,-266,-334,335*64
$ACRAW,752,-736,-16144,-268,-342,330*B4
$ACRAW,768,-720,-16144,-273,-333,334*D4
$ACRAW,752,-752,-16160,-269,-333,329*04
$ACRAW,720,-752,-16176,-272,-340,331*54
$ACRAW,784,-704,-16160,-267,-327,332*94
$ACRAW,768,-736,-16144,-263,-340,336*D4
$ACRAW,752,-704,-16192,-272,-334,334*F4
$ACRAW,768,-704,-16240,-275,-336,340*C4
$ACRAW,784,-704,-16192,-269,-328,333*44
$ACRAW,784,-640,-16192,-270,-336,332*34
$ACRAW,784,-704,-16128,-269,-329,330*74
$ACRAW,768,-656,-16128,-267,-334,335*44
$ACRAW,1104,-704,-16144,-268,-335,335*B7
$ACRAW,752,-720,-16208,-267,-333,333*D4
$ACRAW,784,-704,-16224,-264,-334,337*E4
$ACRAW,768,-704,-16160,-274,-338,347*54
$ACRAW,768,-752,-16208,-275,-338,327*C4
$ACRAW,784,-704,-16160,-272,-332,332*94
$ACRAW,800,-704,-16176,-258,-337,329*A4
$ACRAW,688,-704,-16144,-270,-330,340*74
$ACRAW,768,-736,-16160,-270,-335,331*C4
$ACRAW,800,-704,-16208,-268,-341,340*D4
$ACRAW,768,-704,-16128,-276,-337,330*44
$ACRAW,784,-704,-16272,-268,-333,332*34
$ACRAW,768,-768,-16176,-274,-335,327*34
$ACRAW,752,-704,-16176,-274,-332,332*34
$ACRAW,768,-688,-16192,-273,-331,343*74
$ACRAW,752,-752,-16208,-273,-332,338*74
$ACRAW,752,-704,-16192,-262,-334,334*E4
$ACRAW,752,-704,-16240,-276,-326,334*44
$ACRAW,800,-672,-16224,-274,-338,338*F4
$ACRAW,768,-720,-16208,-274,-335,336*54
$ACRAW,784,-752,-16208,-272,-330,332*54
$ACRAW,800,-688,-16176,-278,-336,328*D4
$ACRAW,768,-704,-16144,-272,-335,328*14
$ACRAW,784,-704,-16192,-274,-338,332*84
$ACRAW,832,-752,-16128,-268,-329,339*E4
$ACRAW,816,-672,-16160,-269,-330,328*E4
$ACRAW,768,-704,-16112,-267,-333,337*E4
$ACRAW,736,-704,-16128,-267,-327,325*A4
$ACRAW,768,-672,-16160,-266,-330,337*94
$ACRAW,800,-704,-16144,-276,-340,321*F4
$ACRAW,816,-736,-16176,-270,-334,338*54
$ACRAW,768,-736,-16128,-274,-326,334*34
$ACRAW,800,-768,-16192,-266,-331,339*04
$ACRAW,736,-752,-16160,-280,-327,329*04
$ACRAW,720,-768,-16192,-274,-336,329*84
$ACRAW,768,-720,-16096,-269,-329,333*44
$ACRAW,768,-736,-16160,-277,-339,333*54
$ACRAW,784,-704,-16176,-283,-328,333*A4
$ACRAW,816,-704,-16160,-276,-339,343*44
$ACRAW,752,-704,-16128,-273,-337,344*B4
$ACRAW,800,-672,-16176,-263,-330,333*E4
$ACRAW,720,-704,-16160,-265,-340,333*54
$ACRAW,736,-720,-16160,-267,-335,331*64
$ACRAW,752,-736,-16144,-277,-340,329*F4
$ACRAW,768,-688,-16192,-264,-329,332*E4
$ACRAW,800,-720,-16112,-266,-338,335*14
$ACRAW,800,-768,-16144,-270,-333,328*E4
$ACRAW,832,-720,-16240,-266,-334,336*B4
$ACRAW,768,-704,-16160,-263,-340,333*F4
$ACRAW,688,-688,-16224,-272,-333,337*64
$ACRAW,736,-720,-16208,-276,-332,339*44
$ACRAW,784,-704,-16112,-270,-330,328*74
$ACRAW,800,-704,-16224,-274,-332,332*F4
$ACRAW,768,-704,-16192,-275,-334,332*74
$ACRAW,768,-704,-16176,-275,-339,330*24
$ACRAW,768,-720,-16160,-279,-335,329*B4
$ACRAW,784,-752,-16128,-276,-330,334*64
$ACRAW,720,-736,-16160,-274,-324,334*14
$ACRAW,752,-688,-16128,-267,-339,335*34
$ACRAW,768,-752,-16112,-266,-322,333*84
$ACRAW,752,-720,-16208,-259,-331,332*34
$ACRAW,736,-704,-16176,-269,-335,338*04
$ACRAW,832,-704,-16192,-270,-334,334*44
$ACRAW,832,-704,-16208,-269,-336,327*C4
$ACRAW,720,-736,-16224,-275,-330,335*74
$ACRAW,720,-704,-16128,-267,-335,336*C4
$ACRAW,768,-736,-16160,-270,-333,332*94
$ACRAW,752,-736,-16128,-279,-340,334*74
$ACRAW,832,-704,-16176,-275,-329,330*34
$ACRAW,736,-784,-16144,-273,-331,335*B4
$ACRAW,752,-672,-16208,-275,-330,330*84
$ACRAW,816,-784,-16224,-271,-330,337*24
$ACRAW,784,-704,-16128,-269,-335,345*84
$ACRAW,768,-704,-16192,-268,-329,337*24
$ACRAW,816,-688,-16192,-272,-335,335*54
$ACRAW,784,-656,-16240,-271,-340,330*A4
$ACRAW,752,-704,-16176,-267,-334,338*D4
$ACRAW,736,-720,-16208,-275,-332,338*64
$ACRAW,768,-752,-16208,-268,-331,337*84
$ACRAW,768,-736,-16160,-266,-336,329*14
$ACRAW,832,-672,-16176,-271,-336,338*14
$ACRAW,736,-704,-16176,-268,-332,335*B4
$ACRAW,768,-704,-16192,-275,-346,335*54
$ACRAW,752,-688,-16128,-271,-334,334*84
$ACRAW,736,-720,-16224,-275,-329,336*C4
$ACRAW,768,-720,-16064,-272,-333,332*94
$ACRAW,832,-720,-16192,-272,-332,340*54
$ACRAW,784,-704,-16144,-271,-334,336*E4
$ACRAW,768,-704,-16176,-269,-329,335*B4
$ACRAW,752,-704,-16176,-270,-333,335*14
$ACRAW,768,-672,-16128,-277,-338,340*D4
$ACRAW,800,-704,-16096,-268,-337,334*A4
$ACRAW,768,-816,-16144,-271,-339,333*84
$ACRAW,768,-768,-16176,-267,-339,332*94
$ACRAW,832,-704,-16160,-273,-334,328*74
$ACRAW,800,-656,-16128,-275,-337,331*14
$ACRAW,816,-704,-16128,-269,-333,330*84
$ACRAW,752,-752,-16208,-269,-330,332*44
$ACRAW,720,-672,-16192,-266,-337,333*B4
$ACRAW,768,-672,-16160,-280,-329,329*64
$ACRAW,768,-688,-16128,-269,-337,326*84
$ACRAW,752,-704,-16160,-271,-335,330*44
$ACRAW,768,-752,-16160,-274,-336,333*B4
$ACRAW,752,-736,-16160,-270,-336,332*54
$ACRAW,768,-704,-16208,-266,-331,338*A4
$ACRAW,768,-640,-16240,-266,-329,335*34
$ACRAW,752,-752,-16208,-266,-342,329*44
$ACRAW,784,-704,-16224,-277,-332,331*C4
$ACRAW,736,-704,-16144,-272,-333,338*D4
$ACRAW,752,-720,-16160,-270,-335,331*24
$ACRAW,736,-656,-16144,-271,-324,327*04
$ACRAW,736,-704,-16192,-275,-338,336*44
$ACRAW,800,-752,-16176,-271,-332,333*C4
$ACRAW,768,-720,-16160,-278,-336,344*24
$ACRAW,752,-704,-16160,-266,-335,337*54
$ACRAW,768,-768,-16224,-271,-336,336*14
$ACRAW,784,-704,-16224,-268,-333,336*44
$ACRAW,832,-704,-16176,-263,-333,333*C4
$ACRAW,800,-672,-16160,-266,-335,339*34
$ACRAW,736,-720,-16176,-265,-338,341*94
$ACRAW,832,-704,-16224,-273,-332,335*E4
$ACRAW,816,-704,-16208,-273,-337,330*64
$ACRAW,768,-736,-16128,-274,-332,336*44
$ACRAW,784,-752,-16224,-277,-333,332*D4
$ACRAW,752,-752,-16160,-275,-336,332*24
$ACRAW,752,-736,-16176,-270,-328,335*A4
$ACRAW,800,-752,-16128,-279,-326,335*C4
$ACRAW,768,-752,-16176,-273,-337,340*E4
$ACRAW,752,-736,-16256,-269,-339,327*04
$ACRAW,832,-688,-16160,-277,-342,339*74
$ACRAW,752,-784,-16160,-273,-331,333*94
$ACRAW,720,-768,-16208,-270,-334,334*24
$ACRAW,800,-752,-16160,-268,-335,340*04
$ACRAW,720,-784,-16144,-278,-327,328*C4
$ACRAW,800,-704,-16240,-278,-335,336*24
$ACRAW,784,-720,-16208,-268,-340,328*74
$ACRAW,832,-752,-16224,-275,-331,333*E4
$ACRAW,768,-720,-16160,-271,-329,334*24
$ACRAW,736,-752,-16160,-272,-335,329*E4
$ACRAW,720,-688,-16208,-275,-339,338*94
$ACRAW,768,-688,-16176,-287,-335,336*04
$ACRAW,800,-736,-16144,-278,-334,340*44
$ACRAW,752,-768,-16176,-275,-331,338*14
$ACRAW,784,-672,-16176,-278,-331,334*14
$ACRAW,768,-672,-16144,-276,-333,334*E4
$ACRAW,800,-736,-16208,-271,-337,342*74
$ACRAW,752,-704,-16176,-274,-335,325*24
$ACRAW,736,-736,-16176,-276,-333,336*74
$ACRAW,768,-704,-16192,-276,-333,331*04
$ACRAW,768,-768,-16128,-271,-334,334*E4
$ACRAW,768,-720,-16192,-274,-333,331*44
$ACRAW,832,-704,-16160,-268,-319,331*A4
$ACRAW,768,-688,-16208,-268,-326,335*A4
$ACRAW,784,-720,-16160,-272,-336,337*E4
$ACRAW,832,-720,-16144,-275,-336,340*D4
$ACRAW,736,-688,-16160,-271,-334,334*64
$ACRAW,752,-784,-16176,-276,-341,337*84
$ACRAW,768,-704,-16176,-269,-332,336*24
$ACRAW,752,-704,-16128,-270,-332,335*B4
$ACRAW,832,-768,-16224,-272,-330,337*54
$ACRAW,768,-688,-16176,-277,-336,335*F4
$ACRAW,784,-704,-16096,-271,-335,330*74
$ACRAW,784,-704,-16128,-283,-332,338*14
$ACRAW,784,-736,-16192,-267,-341,339*E4
$ACRAW,784,-704,-16208,-277,-335,331*54
$ACRAW,752,-720,-16208,-273,-330,338*04
$ACRAW,768,-704,-16192,-274,-332,343*64
$ACRAW,784,-704,-16208,-274,-329,332*84
$ACRAW,800,-704,-16144,-271,-328,340*14
$ACRAW,784,-672,-16176,-280,-335,329*E4
$ACRAW,768,-704,-16112,-276,-335,335*A4
$ACRAW,752,-704,-16144,-287,-335,343*F4
$ACRAW,752,-720,-16176,-271,-335,332*74
$ACRAW,800,-688,-16192,-273,-329,338*34
$ACRAW,736,-704,-16160,-281,-339,337*24
$ACRAW,800,-752,-16208,-274,-342,341*14
$ACRAW,784,-752,-16240,-267,-333,323*E4
$ACRAW,800,-704,-16160,-274,-333,341*94
$ACRAW,768,-704,-16176,-286,-334,337*44
$ACRAW,752,-704,-16160,-270,-332,327*44
$ACRAW,768,-704,-16240,-273,-336,335*84
$ACRAW,720,-752,-16176,-266,-335,340*44
$ACRAW,784,-784,-16208,-272,-331,332*F4
$ACRAW,736,-704,-16224,-279,-332,341*C4
$ACRAW,736,-752,-16336,-275,-334,335*44
$ACRAW,752,-720,-16208,-278,-334,328*E4
$ACRAW,736,-704,-16176,-274,-342,338*C4
$ACRAW,752,-768,-16192,-270,-335,328*B4
$ACRAW,800,-752,-16160,-272,-337,336*84
$ACRAW,800,-672,-16192,-271,-330,335*14
$ACRAW,784,-704,-16160,-276,-330,327*B4
$ACRAW,752,-704,-16192,-267,-333,329*04
$ACRAW,784,-688,-16176,-276,-340,343*C4
$ACRAW,800,-752,-16176,-277,-329,344*04
$ACRAW,720,-736,-16176,-278,-334,328*64
$ACRAW,736,-704,-16144,-277,-338,332*94
$ACRAW,784,-672,-16176,-277,-333,331*94
$ACRAW,720,-720,-16240,-271,-344,336*64
$ACRAW,704,-704,-16160,-270,-326,342*14
$ACRAW,720,-688,-16176,-275,-337,333*64
$ACRAW,736,-704,-16176,-270,-335,338*84
$ACRAW,784,-688,-16160,-280,-335,332*64
$ACRAW,752,-736,-16192,-271,-332,331*E4
$ACRAW,768,-688,-16128,-278,-336,336*84
$ACRAW,768,-768,-16208,-277,-332,335*E4
$ACRAW,768,-704,-16176,-276,-335,327*B4
$ACRAW,800,-704,-16192,-273,-329,329*64
$ACRAW,736,-688,-16192,-267,-333,336*94
$ACRAW,800,-736,-16192,-270,-333,331*64
$ACRAW,832,-688,-16224,-277,-339,331*04
$ACRAW,768,-736,-16208,-272,-329,340*84
$ACRAW,768,-752,-16144,-280,-322,334*44
$ACRAW,752,-736,-16128,-288,-335,336*94
$ACRAW,784,-720,-16176,-272,-329,334*44
$ACRAW,784,-720,-16144,-271,-336,330*C4
$ACRAW,800,-704,-16128,-274,-332,336*44
$ACRAW,720,-704,-16224,-275,-339,333*94
$ACRAW,768,-720,-16240,-273,-342,330*84
$ACRAW,752,-704,-16224,-284,-343,337*B4
$ACRAW,768,-784,-16240,-273,-332,333*24
$ACRAW,720,-704,-16208,-281,-337,339*84
$ACRAW,752,-704,-16160,-273,-339,333*94
$ACRAW,736,-704,-16176,-268,-338,335*14
$ACRAW,768,-688,-16176,-277,-333,341*94
$ACRAW,768,-736,-16144,-273,-331,330*C4
$ACRAW,720,-688,-16224,-280,-333,336*94
$ACRAW,800,-688,-16224,-281,-337,336*14
$ACRAW,784,-672,-16176,-274,-337,329*74
$ACRAW,768,-704,-16128,-283,-336,333*C4
$ACRAW,768,-704,-16160,-276,-328,343*24
$ACRAW,784,-704,-16160,-267,-342,336*E4
$ACRAW,688,-768,-16192,-277,-336,333*34
$ACRAW,736,-688,-16224,-270,-327,332*04
$ACRAW,752,-704,-16176,-274,-343,335*24
$ACRAW,752,-720,-16128,-275,-329,338*F4
$ACRAW,768,-672,-16208,-271,-327,333*04
$ACRAW,768,-704,-16176,-268,-335,328*B4
$ACRAW,848,-720,-16160,-268,-327,332*F4
$ACRAW,752,-672,-16192,-275,-339,327*74
$ACRAW,736,-736,-16176,-272,-333,333*64
$ACRAW,784,-784,-16176,-270,-332,331*74
$ACRAW,720,-736,-16144,-267,-339,331*C4
$ACRAW,784,-704,-16208,-270,-334,335*74
$ACRAW,784,-736,-16128,-272,-336,334*64
$ACRAW,784,-736,-16112,-270,-338,337*04
$ACRAW,768,-704,-16208,-277,-332,337*64
$ACRAW,784,-704,-16240,-267,-328,335*04
$ACRAW,736,-672,-16192,-279,-335,339*A4
$ACRAW,784,-672,-16144,-281,-329,334*F4
$ACRAW,768,-672,-16176,-276,-334,335*94
$ACRAW,816,-704,-16192,-277,-324,341*64
$ACRAW,768,-784,-16208,-267,-330,343*E4
$ACRAW,736,-672,-16208,-268,-322,333*64
$ACRAW,736,-736,-16144,-268,-334,332*A4
$ACRAW,768,-736,-16128,-271,-335,337*74
$ACRAW,736,-720,-16240,-268,-339,330*54
$ACRAW,752,-704,-16144,-272,-336,336*44
$ACRAW,784,-704,-16208,-270,-330,342*34
$ACRAW,720,-688,-16176,-286,-330,334*A4
$ACRAW,752,-688,-16192,-269,-335,345*74
$ACRAW,784,-736,-16144,-274,-331,328*04
$ACRAW,768,-704,-16144,-272,-332,340*84
$ACRAW,736,-672,-16192,-279,-327,329*84
$ACRAW,736,-720,-16176,-275,-335,334*74
$ACRAW,736,-688,-16224,-266,-322,337*74
$ACRAW,784,-688,-16128,-273,-332,338*B4
$ACRAW,768,-704,-16192,-271,-334,339*84
$ACRAW,784,-752,-16160,-284,-327,341*34
$ACRAW,752,-720,-16128,-273,-335,341*A4
$ACRAW,768,-704,-16128,-273,-340,348*E4
$ACRAW,768,-784,-16176,-277,-330,333*24
$ACRAW,752,-704,-16128,-279,-326,333*14
$ACRAW,768,-704,-16192,-273,-335,343*64
$ACRAW,736,-672,-16240,-276,-339,336*A4
$ACRAW,768,-704,-16160,-267,-328,337*14
$ACRAW,768,-704,-16144,-270,-334,334*F4
$ACRAW,832,-736,-16144,-276,-325,326*B4
$ACRAW,752,-752,-16160,-274,-329,331*E4
$ACRAW,784,-704,-16176,-273,-330,336*94
$ACRAW,736,-704,-16176,-272,-335,339*B4
$ACRAW,736,-640,-16208,-276,-337,333*C4
$ACRAW,784,-688,-16208,-274,-337,332*24
$ACRAW,768,-720,-16160,-267,-341,334*B4
$ACRAW,768,-736,-16160,-274,-334,337*F4
$ACRAW,736,-640,-16240,-269,-334,337*94
$ACRAW,784,-672,-16144,-269,-334,336*74
$ACRAW,784,-768,-16176,-271,-330,334*34
$ACRAW,752,-784,-16128,-277,-329,333*84
$ACRAW,784,-704,-16192,-269,-329,337*14
$ACRAW,768,-704,-16224,-270,-339,338*B4
$ACRAW,752,-752,-16192,-272,-324,338*14
$ACRAW,752,-640,-16144,-272,-331,336*24
$ACRAW,784,-736,-16192,-281,-335,333*F4
$ACRAW,800,-704,-16256,-270,-335,336*D4
$ACRAW,832,-736,-16192,-274,-337,334*24
$ACRAW,768,-704,-16128,-269,-342,332*A4
$ACRAW,768,-704,-16192,-272,-332,326*34
$ACRAW,768,-752,-16160,-275,-332,335*84
$ACRAW,848,-704,-16240,-282,-338,336*64
$ACRAW,768,-704,-16208,-280,-331,338*24
$ACRAW,768,-704,-16208,-278,-323,329*64
$ACRAW,768,-752,-16208,-276,-326,341*04
$ACRAW,720,-720,-16224,-281,-337,331*84
$ACRAW,736,-704,-16192,-274,-337,331*D4
$ACRAW,768,-768,-16160,-269,-332,336*F4
$ACRAW,768,-704,-16208,-277,-330,333*04
$ACRAW,752,-720,-16192,-278,-334,323*54
$ACRAW,768,-768,-16160,-278,-335,343*A4
$ACRAW,768,-704,-16128,-273,-329,331*F4
$ACRAW,768,-752,-16192,-282,-339,332*14
$ACRAW,768,-752,-16208,-270,-332,338*D4
$ACRAW,768,-720,-16176,-279,-334,337*24
$ACRAW,816,-720,-16240,-275,-335,338*04
$ACRAW,784,-720,-16192,-272,-329,338*24
$ACRAW,768,-672,-16272,-274,-332,327*94
$ACRAW,720,-672,-16208,-273,-328,347*24
$ACRAW,800,-704,-16176,-269,-341,328*84
$ACRAW,832,-720,-16128,-272,-333,329*A4
$ACRAW,736,-784,-16208,-273,-338,329*44
$ACRAW,784,-704,-16160,-271,-330,336*C4
$ACRAW,768,-784,-16208,-279,-332,330*74
$ACRAW,768,-704,-16224,-269,-325,334*24
$ACRAW,752,-704,-16208,-270,-328,332*64
$ACRAW,832,-704,-16080,-274,-340,349*B4
$ACRAW,752,-736,-16272,-278,-335,334*84
$ACRAW,768,-720,-16192,-274,-325,347*24
$ACRAW,768,-704,-16128,-273,-322,330*54
$ACRAW,768,-736,-16208,-273,-332,334*04
$ACRAW,720,-704,-16144,-284,-335,335*84
$ACRAW,784,-752,-16176,-271,-336,341*E4
$ACRAW,768,-752,-16208,-278,-330,346*E4
$ACRAW,784,-704,-16208,-272,-329,333*F4
$ACRAW,768,-704,-16208,-273,-333,327*24
$ACRAW,800,-704,-16224,-273,-331,334*D4
$ACRAW,832,-736,-16160,-261,-339,335*44
$ACRAW,752,-720,-16128,-272,-338,337*74
$ACRAW,768,-704,-16080,-263,-327,339*B4
$ACRAW,720,-688,-16144,-271,-332,333*64
$ACRAW,832,-736,-16176,-266,-332,332*84
$ACRAW,640,-736,-16144,-275,-332,328*B4
$ACRAW,768,-560,-16192,-270,-334,328*94
$ACRAW,832,-800,-15920,-269,-337,334*64
$ACRAW,1024,-448,-16144,-270,-326,333*E7
$ACRAW,944,-704,-16192,-246,-335,338*C4
$ACRAW,992,-608,-16208,-251,-342,341*24
$ACRAW,992,-512,-16592,-242,-352,336*D4
$ACRAW,512,-816,-16032,-235,-346,340*B4
$ACRAW,352,-480,-16336,-240,-355,321*A4
$ACRAW,560,-992,-16176,-228,-366,332*94
$ACRAW,-480,-192,-15840,-199,-383,321*C6
$ACRAW,-832,880,-16000,-192,-399,310*34
$ACRAW,-416,1520,-16112,-199,-409,290*17
$ACRAW,-176,2048,-16208,-210,-428,277*A7
$ACRAW,-32,3008,-15680,-208,-427,270*84
$ACRAW,-256,3216,-15824,-222,-445,254*F7
$ACRAW,-640,3984,-15408,-218,-449,238*17
$ACRAW,-608,5136,-15264,-218,-471,220*47
$ACRAW,-288,5792,-14768,-218,-481,202*77
$ACRAW,-192,6704,-14720,-233,-481,162*37
$ACRAW,-480,8096,-13600,-239,-493,136*B7
$ACRAW,-944,8800,-13296,-235,-493,109*27
$ACRAW,-256,9376,-12768,-244,-498,89*04
$ACRAW,-768,10368,-12048,-240,-505,54*B7
$ACRAW,32,10080,-12528,-236,-524,46*96
$ACRAW,240,11120,-11936,-235,-523,19*A5
$ACRAW,-144,11184,-11472,-240,-517,-2*16
$ACRAW,0,12256,-10704,-233,-527,-25*37
$ACRAW,32,12192,-10032,-239,-523,-33*24
$ACRAW,-160,12304,-9568,-230,-523,-30*C6
$ACRAW,704,10896,-9056,-221,-525,-13*84
$ACRAW,-1408,11424,-11536,-200,-535,12*B4
$ACRAW,-224,9600,-11952,-185,-530,38*24
$ACRAW,-448,9280,-12912,-158,-535,79*54
$ACRAW,-1712,8368,-13952,-134,-527,108*54
$ACRAW,-1504,7488,-14064,-96,-510,135*E7
$ACRAW,-1600,6784,-14352,-89,-523,148*57
$ACRAW,-1024,6528,-14560,-85,-518,163*B7
$ACRAW,-992,5904,-14816,-86,-507,188*B4
$ACRAW,-1184,4896,-15200,-78,-500,201*67
$ACRAW,-1360,4800,-15648,-62,-494,207*87
$ACRAW,-1920,4384,-15888,-73,-482,227*67
$ACRAW,-976,3520,-15456,-58,-488,235*44
$ACRAW,-1040,3520,-16016,-56,-478,240*97
$ACRAW,-1360,3392,-15712,-44,-475,249*07
$ACRAW,-1104,3104,-15888,-60,-463,253*B7
$ACRAW,-832,2944,-15232,-47,-467,257*54
$ACRAW,-512,2736,-15216,-56,-471,257*04
$ACRAW,-1504,3392,-16064,-47,-476,253*A7
$ACRAW,-1248,2944,-16320,-48,-465,261*A7
$ACRAW,-1552,2480,-16912,-49,-459,271*77
$ACRAW,-784,1344,-14656,-36,-443,289*A4
$ACRAW,64,1408,-16000,-18,-424,297*45
$ACRAW,-1776,768,-16832,-17,-405,309*B4
$ACRAW,-96,608,-15200,4,-387,319*F5
$ACRAW,-48,-480,-15760,21,-371,336*34
$ACRAW,-176,-1504,-16720,57,-342,350*54
$ACRAW,960,-1120,-15280,77,-319,347*36
$ACRAW,-432,-560,-15248,85,-301,349*B7
$ACRAW,336,-480,-15856,92,-288,360*25
$ACRAW,272,-1312,-15120,112,-263,370*B5
$ACRAW,-432,-2576,-17312,124,-256,359*A7
$ACRAW,-32,-2672,-16240,128,-247,378*14
$ACRAW,-480,-1824,-16112,138,-228,376*07
$ACRAW,-272,-1920,-17152,153,-210,375*E7
$ACRAW,1056,-2224,-16416,165,-177,374*86
$ACRAW,1776,-2992,-16208,170,-146,388*76
$ACRAW,2864,-3088,-17408,166,-120,397*56
$ACRAW,2112,-2240,-15728,167,-99,392*E5
$ACRAW,2688,-2848,-15744,176,-97,390*E5
$ACRAW,3072,-2544,-16704,183,-90,393*45
$ACRAW,3456,-2192,-15344,197,-83,387*85
$ACRAW,1728,-2112,-16368,202,-88,394*35
$ACRAW,2640,-2224,-16224,195,-87,389*E5
$ACRAW,2352,-2560,-15984,202,-101,386*06
$ACRAW,1616,-2096,-16304,183,-107,390*06
$ACRAW,1600,-2096,-16480,185,-118,397*36
$ACRAW,1696,-2976,-16144,186,-143,388*56
$ACRAW,3264,-2624,-14928,173,-183,377*06
$ACRAW,-128,-848,-16448,130,-229,370*94
$ACRAW,1072,-2048,-15136,107,-245,376*66
$ACRAW,256,-1840,-17232,74,-273,363*16
$ACRAW,624,-2240,-16000,58,-288,371*26
$ACRAW,112,-1616,-16080,33,-302,363*16
$ACRAW,1136,-1968,-17232,-3,-296,374*E4
$ACRAW,320,-2080,-16128,-33,-307,376*74
$ACRAW,-32,-1936,-15584,-59,-312,365*65
$ACRAW,464,-1664,-16144,-59,-313,367*C4
$ACRAW,-768,-1520,-16096,-82,-320,366*46
$ACRAW,-320,-1360,-16704,-107,-319,358*95
$ACRAW,-80,-1616,-16160,-126,-324,354*16
$ACRAW,-1456,-1456,-16288,-163,-313,349*56
$ACRAW,688,-1120,-15232,-197,-312,354*87
$ACRAW,-656,16,-15824,-222,-296,345*37
$ACRAW,-2128,-320,-18400,-235,-283,343*75
$ACRAW,-688,-640,-16480,-259,-271,342*B6
$ACRAW,-928,-192,-16176,-273,-257,345*16
$ACRAW,-944,-16,-15808,-297,-258,348*D5
$ACRAW,-2448,1232,-16512,-311,-237,333*94
$ACRAW,-704,832,-14944,-338,-211,339*34
$ACRAW,-1424,1408,-15088,-344,-190,332*54
$ACRAW,-1152,400,-15936,-349,-171,350*27
$ACRAW,-2752,-128,-16256,-343,-154,344*35
$ACRAW,-496,-448,-16160,-358,-128,339*46
$ACRAW,-1072,1136,-16688,-364,-118,334*B4
$ACRAW,-560,112,-16160,-363,-119,335*D4
$ACRAW,-880,656,-16048,-356,-117,335*A4
$ACRAW,-496,368,-16080,-362,-120,343*F4
$ACRAW,-224,-80,-16272,-356,-134,340*65
$ACRAW,1264,-384,-15312,-350,-165,335*D7
$ACRAW,224,-32,-15024,-336,-195,341*C7
$ACRAW,32,-624,-17152,-311,-236,340*47
$ACRAW,-800,-1584,-16848,-253,-276,342*A5
$ACRAW,-768,-2208,-16992,-192,-294,354*85
$ACRAW,-1232,-2080,-15680,-130,-316,353*A6
$ACRAW,-288,-1968,-15920,-68,-319,359*A6
$ACRAW,-592,-1824,-17280,-31,-313,371*06
$ACRAW,1408,-1744,-15872,18,-301,374*25
$ACRAW,-880,-1040,-15008,35,-324,361*84
$ACRAW,-1200,-1520,-14272,53,-307,361*77
$ACRAW,-1856,-1584,-15408,46,-319,362*27
$ACRAW,-288,-432,-15472,40,-331,357*07
$ACRAW,1776,-1024,-16432,25,-349,354*25
$ACRAW,-208,-1616,-17280,18,-342,360*94
$ACRAW,912,-1440,-16592,17,-327,358*76
$ACRAW,-576,-1216,-16464,22,-321,350*14
$ACRAW,-1376,-992,-15552,17,-334,351*44
$ACRAW,-544,-864,-16144,1,-357,348*04
$ACRAW,-3136,368,-16160,-48,-368,336*B4
$ACRAW,-160,-96,-15120,-120,-391,327*A5
$ACRAW,-1024,480,-15744,-181,-385,320*97
$ACRAW,-1504,800,-17632,-224,-383,322*07
$ACRAW,-656,400,-16944,-244,-365,317*E4
$ACRAW,-224,64,-16352,-254,-352,332*67
$ACRAW,64,1088,-17552,-276,-346,317*B6
$ACRAW,-576,336,-17984,-292,-341,323*A4
$ACRAW,848,-128,-16704,-290,-331,324*24
$ACRAW,1296,-1712,-11376,-313,-308,323*54
$ACRAW,672,-688,-16064,-306,-301,327*74
$ACRAW,-48,-640,-16304,-307,-310,335*65
$ACRAW,448,-656,-16160,-306,-318,334*04
$ACRAW,896,-672,-16160,-315,-312,328*C4
$ACRAW,928,-640,-16192,-294,-308,336*84
$ACRAW,832,-688,-16208,-307,-310,329*A4
$ACRAW,752,-688,-16144,-303,-307,330*24
$ACRAW,768,-688,-16208,-312,-301,331*74
$ACRAW,864,-688,-16160,-307,-310,333*F4
$ACRAW,864,-688,-16240,-304,-304,334*F4
$ACRAW,800,-656,-16208,-303,-314,328*94
$ACRAW,800,-656,-16144,-307,-311,333*94
$ACRAW,768,-640,-16176,-309,-311,333*04
$ACRAW,832,-656,-16144,-315,-304,339*54
$ACRAW,864,-688,-16208,-316,-310,336*74
$ACRAW,816,-688,-16208,-304,-311,331*74
$ACRAW,832,-672,-16224,-305,-307,335*84
$ACRAW,816,-704,-16128,-312,-313,333*44
$ACRAW,816,-704,-16192,-303,-309,331*C4
$ACRAW,784,-784,-16176,-305,-311,330*44
$ACRAW,800,-688,-16240,-311,-315,330*D4
$ACRAW,800,-656,-16144,-301,-312,325*B4
$ACRAW,800,-624,-16192,-305,-304,331*34
$ACRAW,784,-720,-16208,-306,-317,329*D4
$ACRAW,752,-672,-16176,-297,-304,332*B4
$ACRAW,800,-624,-16176,-298,-306,331*E4
$ACRAW,832,-688,-16176,-301,-305,335*F4
$ACRAW,784,-720,-16208,-302,-311,332*54
$ACRAW,784,-704,-16112,-307,-306,320*B4
$ACRAW,816,-640,-16144,-295,-310,332*34
$ACRAW,832,-704,-16176,-307,-311,333*F4
$ACRAW,752,-672,-16240,-305,-314,325*04
$ACRAW,784,-688,-16160,-304,-311,327*94
$ACRAW,816,-720,-16192,-294,-307,326*D4
$ACRAW,864,-656,-16224,-313,-310,341*F4
$ACRAW,800,-688,-16208,-309,-314,330*94
$ACRAW,848,-640,-16176,-310,-307,336*74
$ACRAW,832,-608,-16128,-302,-305,328*34
$ACRAW,832,-688,-16208,-308,-312,335*A4
$ACRAW,832,-736,-16176,-298,-314,333*C4
$ACRAW,848,-688,-16144,-305,-308,335*A4
$ACRAW,832,-672,-16208,-304,-315,335*44
$ACRAW,800,-640,-16224,-306,-310,333*B4
$ACRAW,848,-656,-16176,-305,-310,331*54
$ACRAW,784,-640,-16128,-307,-310,329*D4
$ACRAW,832,-624,-16160,-310,-302,337*B4
$ACRAW,800,-736,-16160,-303,-312,329*44
$ACRAW,848,-704,-16128,-304,-311,333*A4
$ACRAW,848,-672,-16208,-303,-316,328*14
$ACRAW,800,-656,-16160,-302,-315,338*54
$ACRAW,800,-688,-16240,-306,-316,332*A4
$ACRAW,784,-672,-16144,-302,-312,334*D4
$ACRAW,848,-704,-16160,-301,-309,328*04
$ACRAW,864,-704,-16160,-303,-314,339*04
$ACRAW,784,-640,-16160,-306,-303,322*94
$ACRAW,832,-656,-16192,-302,-310,337*34
$ACRAW,816,-688,-16224,-308,-304,329*84
$ACRAW,848,-704,-16224,-303,-319,332*B4
$ACRAW,832,-640,-16272,-311,-303,329*64
$ACRAW,784,-672,-16240,-305,-314,328*64
$ACRAW,784,-656,-16160,-302,-314,333*C4
$ACRAW,800,-704,-16144,-302,-304,327*B4
$ACRAW,800,-672,-16208,-314,-307,334*64
$ACRAW,816,-704,-16128,-301,-315,323*14
$ACRAW,848,-656,-16192,-309,-307,331*54
$ACRAW,784,-688,-16160,-297,-321,326*04
$ACRAW,800,-688,-16160,-295,-306,334*74
$ACRAW,816,-672,-16160,-303,-310,336*E4
$ACRAW,800,-656,-16160,-311,-312,335*D4
$ACRAW,800,-672,-16160,-303,-313,334*84
