ADATA 480 -736 -16144
MDATA -175 -365 334
ADATA 576 -800 -16176
MDATA -179 -365 335
ADATA 496 -784 -16224
MDATA -181 -357 335
ADATA 496 -848 -16208
MDATA -176 -361 334
ADATA 528 -768 -16208
MDATA -172 -363 338
ADATA 512 -784 -16144
MDATA -174 -353 335
ADATA 560 -816 -16176
MDATA -170 -358 338
ADATA 528 -816 -16160
MDATA -175 -360 327
ADATA 512 -800 -16144
MDATA -169 -362 335
ADATA 544 -752 -16208
MDATA -175 -370 327
ADATA 528 -832 -16192
MDATA -160 -368 340
ADATA 496 -832 -16096
MDATA -175 -370 334
ADATA 512 -784 -16160
MDATA -173 -374 336
ADATA 496 -768 -16160
MDATA -168 -353 336
ADATA 480 -800 -16160
MDATA -176 -364 337
ADATA 544 -800 -16240
MDATA -177 -362 332
ADATA 512 -784 -16192
MDATA -174 -367 336
ADATA 496 -768 -16208
MDATA -177 -361 334
ADATA 464 -816 -16144
MDATA -168 -358 339
ADATA 528 -800 -16208
MDATA -173 -366 331
ADATA 496 -832 -16272
MDATA -176 -360 331
ADATA 544 -816 -16240
MDATA -179 -368 329
ADATA 496 -848 -16160
MDATA -174 -363 337
ADATA 576 -768 -16176
MDATA -170 -361 340
ADATA 528 -832 -16176
MDATA -175 -365 328
ADATA 512 -752 -16128
MDATA -174 -362 337
ADATA 480 -784 -16224
MDATA -169 -362 334
ADATA 544 -848 -16240
MDATA -177 -369 336
ADATA 528 -768 -16160
MDATA -174 -367 326
ADATA 512 -832 -16144
MDATA -173 -368 332
ADATA 496 -816 -16160
MDATA -175 -368 335
ADATA 512 -816 -16192
MDATA -170 -358 337
ADATA 544 -752 -16176
MDATA -173 -359 327
ADATA 544 -800 -16208
MDATA -171 -363 324
ADATA 544 -800 -16128
MDATA -186 -358 331
ADATA 528 -848 -16240
MDATA -180 -362 330
ADATA 512 -784 -16160
MDATA -170 -361 326
ADATA 576 -768 -16208
MDATA -177 -362 340
ADATA 528 -784 -16224
MDATA -176 -361 326
ADATA 496 -800 -16160
MDATA -174 -363 329
ADATA 544 -768 -16208
MDATA -177 -366 335
ADATA 528 -816 -16224
MDATA -172 -357 328
ADATA 512 -800 -16128
MDATA -166 -366 332
ADATA 496 -816 -16240
MDATA -176 -361 329
ADATA 560 -800 -16160
MDATA -166 -365 326
ADATA 480 -816 -16192
MDATA -169 -357 338
ADATA 528 -784 -16208
MDATA -175 -367 330
ADATA 544 -768 -16192
MDATA -174 -357 337
ADATA 544 -768 -16208
MDATA -176 -362 333
ADATA 576 -816 -16160
MDATA -174 -368 331
ADATA 560 -832 -16112
MDATA -172 -366 342
ADATA 480 -784 -16192
MDATA -176 -362 333
ADATA 480 -800 -16192
MDATA -171 -362 336
ADATA 512 -816 -16160
MDATA -179 -365 343
ADATA 512 -832 -16192
MDATA -184 -362 338
ADATA 496 -800 -16128
MDATA -173 -364 327
ADATA 512 -784 -16208
MDATA -174 -364 330
ADATA 576 -832 -16224
MDATA -176 -373 326
ADATA 560 -832 -16160
MDATA -174 -365 343
ADATA 544 -768 -16128
MDATA -172 -359 333
ADATA 544 -832 -16240
MDATA -176 -361 335
ADATA 496 -832 -16160
MDATA -177 -358 336
ADATA 528 -768 -16224
MDATA -178 -357 333
ADATA 496 -768 -16160
MDATA -172 -360 333
ADATA 512 -832 -16192
MDATA -177 -362 327
ADATA 512 -752 -16208
MDATA -175 -364 335
ADATA 512 -816 -16208
MDATA -172 -367 328
ADATA 528 -832 -16160
MDATA -178 -368 337
ADATA 496 -816 -16176
MDATA -178 -367 334
ADATA 544 -784 -16176
MDATA -180 -367 331
ADATA 512 -768 -16176
MDATA -175 -358 337
ADATA 576 -768 -16176
MDATA -177 -361 343
ADATA 528 -768 -16160
MDATA -174 -367 337
ADATA 512 -800 -16208
MDATA -175 -365 336
ADATA 576 -752 -16208
MDATA -182 -356 331
ADATA 480 -768 -16160
MDATA -173 -366 331
ADATA 576 -800 -16208
MDATA -172 -364 335
ADATA 528 -816 -16224
MDATA -178 -360 332
ADATA 496 -800 -16128
MDATA -176 -361 340
ADATA 544 -800 -16224
MDATA -170 -360 334
ADATA 576 -800 -16192
MDATA -181 -359 337
ADATA 480 -816 -16224
MDATA -175 -357 340
ADATA 464 -768 -16176
MDATA -173 -367 326
ADATA 496 -832 -16272
MDATA -170 -364 338
ADATA 528 -800 -16208
MDATA -180 -365 334
ADATA 528 -848 -16160
MDATA -178 -365 332
ADATA 576 -784 -16240
MDATA -181 -368 328
ADATA 512 -832 -16176
MDATA -176 -367 321
ADATA 544 -784 -16128
MDATA -170 -357 320
ADATA 512 -864 -16144
MDATA -181 -367 323
ADATA 576 -800 -16176
MDATA -175 -357 334
ADATA 544 -832 -16144
MDATA -173 -356 331
ADATA 512 -800 -16160
MDATA -177 -362 340
ADATA 576 -752 -16064
MDATA -175 -366 331
ADATA 528 -768 -16160
MDATA -177 -373 328
ADATA 544 -768 -16192
MDATA -173 -363 323
ADATA 576 -784 -16160
MDATA -169 -366 326
ADATA 512 -768 -16160
MDATA -169 -359 337
ADATA 496 -816 -16160
MDATA -171 -366 328
ADATA 528 -864 -16208
MDATA -175 -365 335
ADATA 528 -800 -16176
MDATA -177 -372 335
ADATA 480 -784 -16208
MDATA -184 -372 333
ADATA 512 -736 -16176
MDATA -173 -365 339
ADATA 464 -768 -16208
MDATA -180 -362 330
ADATA 496 -752 -16160
MDATA -174 -367 334
ADATA 464 -768 -16160
MDATA -172 -356 333
ADATA 544 -784 -16128
MDATA -168 -358 337
ADATA 496 -752 -16176
MDATA -177 -353 334
ADATA 496 -768 -16240
MDATA -172 -353 335
ADATA 560 -768 -16224
MDATA -169 -364 343
ADATA 512 -800 -16240
MDATA -165 -361 338
ADATA 512 -816 -16160
MDATA -179 -364 334
ADATA 512 -800 -16224
MDATA -169 -368 330
ADATA 496 -784 -16176
MDATA -175 -367 328
ADATA 480 -784 -16224
MDATA -178 -366 327
ADATA 528 -800 -16144
MDATA -177 -364 340
ADATA 512 -848 -16080
MDATA -185 -361 325
ADATA 512 -832 -16192
MDATA -172 -365 338
ADATA 512 -784 -16160
MDATA -177 -368 336
ADATA 496 -800 -16208
MDATA -178 -359 334
ADATA 576 -800 -16176
MDATA -180 -367 334
ADATA 496 -784 -16128
MDATA -180 -371 334
ADATA 480 -800 -16144
MDATA -174 -363 336
ADATA 528 -800 -16144
MDATA -178 -365 337
ADATA 480 -832 -16208
MDATA -173 -363 335
ADATA 528 -816 -16160
MDATA -171 -359 332
ADATA 528 -816 -16160
MDATA -182 -364 341
ADATA 496 -800 -16176
MDATA -178 -357 336
ADATA 512 -800 -16208
MDATA -171 -356 336
ADATA 480 -848 -16224
MDATA -182 -365 339
ADATA 576 -864 -16144
MDATA -181 -364 333
ADATA 480 -784 -16208
MDATA -179 -370 326
ADATA 464 -752 -16176
MDATA -179 -367 344
ADATA 544 -768 -16176
MDATA -172 -355 330
ADATA 576 -800 -16192
MDATA -169 -370 333
ADATA 464 -752 -16128
MDATA -172 -363 324
ADATA 528 -768 -16192
MDATA -174 -366 336
ADATA 464 -784 -16176
MDATA -172 -358 330
ADATA 464 -784 -16128
MDATA -171 -361 332
ADATA 528 -784 -16208
MDATA -171 -363 331
ADATA 528 -768 -16096
MDATA -177 -362 341
ADATA 544 -864 -16160
MDATA -174 -363 331
ADATA 544 -736 -16256
MDATA -178 -362 331
ADATA 512 -784 -16208
MDATA -171 -366 339
ADATA 464 -784 -16208
MDATA -167 -357 324
ADATA 512 -816 -16176
MDATA -178 -366 332
ADATA 528 -768 -16192
MDATA -176 -359 335
ADATA 432 -768 -16144
MDATA -180 -359 329
ADATA 576 -816 -16272
MDATA -179 -367 338
ADATA 544 -784 -16176
MDATA -176 -366 327
ADATA 528 -816 -16256
MDATA -168 -369 334
ADATA 544 -848 -16208
MDATA -171 -363 328
ADATA 608 -784 -16272
MDATA -178 -361 330
ADATA 544 -800 -16224
MDATA -175 -364 327
ADATA 480 -800 -16176
MDATA -175 -355 331
ADATA 608 -832 -16192
MDATA -174 -369 336
ADATA 512 -848 -16224
MDATA -175 -358 337
ADATA 528 -816 -16192
MDATA -178 -361 332
ADATA 576 -784 -16176
MDATA -176 -369 332
ADATA 544 -800 -16208
MDATA -170 -356 344
ADATA 464 -736 -16208
MDATA -176 -370 336
ADATA 544 -752 -16208
MDATA -175 -372 336
ADATA 496 -832 -16208
MDATA -174 -373 333
ADATA 496 -736 -16176
MDATA -176 -362 333
ADATA 576 -880 -16192
MDATA -176 -364 326
ADATA 512 -736 -16208
MDATA -170 -365 332
ADATA 512 -768 -16240
MDATA -170 -366 335
ADATA 496 -784 -16224
MDATA -176 -360 333
ADATA 592 -832 -16240
MDATA -177 -369 331
ADATA 528 -896 -16160
MDATA -185 -351 335
ADATA 480 -672 -16192
MDATA -168 -363 333
ADATA 464 -752 -16192
MDATA -168 -356 335
ADATA 512 -848 -16160
MDATA -177 -366 321
ADATA 512 -880 -16208
MDATA -177 -365 335
ADATA 496 -848 -16176
MDATA -176 -357 334
ADATA 576 -800 -16176
MDATA -175 -360 333
ADATA 512 -768 -16208
MDATA -175 -358 343
ADATA 512 -784 -16096
MDATA -173 -361 336
ADATA 512 -768 -16272
MDATA -179 -364 339
ADATA 544 -848 -16128
MDATA -171 -372 333
ADATA 512 -800 -16160
MDATA -173 -369 323
ADATA 512 -768 -16144
MDATA -171 -360 333
ADATA 528 -816 -16160
MDATA -175 -359 334
ADATA 560 -832 -16176
MDATA -172 -359 334
ADATA 544 -832 -16208
MDATA -175 -363 332
ADATA 512 -800 -16192
MDATA -176 -362 330
ADATA 528 -816 -16096
MDATA -175 -364 333
ADATA 528 -800 -16192
MDATA -188 -364 332
ADATA 512 -768 -16208
MDATA -177 -368 332
ADATA 544 -848 -16176
MDATA -175 -364 327
ADATA 528 -800 -16128
MDATA -177 -363 334
ADATA 576 -816 -16208
MDATA -179 -355 331
ADATA 528 -816 -16240
MDATA -180 -364 339
ADATA 544 -816 -16208
MDATA -173 -359 338
ADATA 512 -768 -16128
MDATA -175 -360 335
ADATA 496 -800 -16208
MDATA -173 -363 330
ADATA 512 -768 -16208
MDATA -180 -366 336
ADATA 512 -816 -16144
MDATA -172 -368 338
ADATA 544 -848 -16144
MDATA -168 -363 323
ADATA 480 -832 -16128
MDATA -178 -359 324
ADATA 480 -816 -16192
MDATA -176 -366 336
ADATA 512 -816 -16176
MDATA -173 -364 342
ADATA 576 -768 -16208
MDATA -170 -361 333
ADATA 544 -880 -16128
MDATA -175 -363 326
ADATA 528 -752 -16192
MDATA -171 -364 331
ADATA 496 -800 -16176
MDATA -175 -352 329
ADATA 528 -800 -16224
MDATA -172 -369 332
ADATA 544 -816 -16176
MDATA -177 -374 332
ADATA 496 -768 -16192
MDATA -174 -360 332
ADATA 528 -864 -16192
MDATA -172 -370 330
ADATA 528 -768 -16208
MDATA -185 -365 329
ADATA 544 -864 -16224
MDATA -172 -366 333
ADATA 544 -784 -16160
MDATA -181 -361 334
ADATA 560 -768 -16176
MDATA -164 -365 329
ADATA 480 -816 -16160
MDATA -174 -365 331
ADATA 480 -832 -16208
MDATA -179 -355 330
ADATA 528 -768 -16192
MDATA -179 -360 328
ADATA 544 -848 -16144
MDATA -176 -363 330
ADATA 528 -800 -16160
MDATA -176 -365 336
ADATA 496 -768 -16176
MDATA -180 -350 332
ADATA 496 -816 -16128
MDATA -180 -373 329
ADATA 480 -800 -16144
MDATA -175 -358 332
ADATA 528 -800 -16192
MDATA -168 -366 334
ADATA 528 -752 -16128
MDATA -177 -355 345
ADATA 560 -784 -16176
MDATA -166 -363 329
ADATA 528 -704 -16176
MDATA -172 -362 340
ADATA 1136 -544 -16144
MDATA -177 -359 330
ADATA -256 -1088 -16096
MDATA -177 -367 331
ADATA 592 -1072 -16032
MDATA -180 -369 332
ADATA 896 -1104 -16032
MDATA -168 -362 337
ADATA 1216 -896 -16032
MDATA -174 -359 336
ADATA 832 -352 -15408
MDATA -183 -369 320
ADATA 1344 -816 -15504
MDATA -184 -381 324
ADATA 48 576 -16896
MDATA -155 -388 308
ADATA 176 864 -15776
MDATA -158 -404 301
ADATA 80 1952 -15808
MDATA -151 -434 264
ADATA -192 3920 -13584
MDATA -148 -477 213
ADATA 816 6576 -14080
MDATA -136 -501 152
ADATA 608 8160 -14400
MDATA -138 -521 100
ADATA 448 9488 -13568
MDATA -128 -529 62
ADATA 1376 9744 -12384
MDATA -129 -534 22
ADATA -320 11264 -11152
MDATA -125 -541 -17
ADATA -912 12272 -9344
MDATA -132 -531 -67
ADATA -432 12672 -9808
MDATA -119 -522 -95
ADATA 976 13728 -8288
MDATA -132 -517 -138
ADATA -32 14592 -6592
MDATA -118 -505 -164
ADATA -1952 15216 -6160
MDATA -96 -507 -186
ADATA -2016 15680 -5600
MDATA -99 -482 -218
ADATA -16 14784 -5024
MDATA -89 -467 -245
ADATA 1328 14912 -4512
MDATA -87 -456 -256
ADATA -112 15520 -2272
MDATA -95 -453 -283
ADATA 528 15712 -3120
MDATA -90 -440 -291
ADATA 752 15216 -3568
MDATA -89 -458 -270
ADATA -192 15392 -5328
MDATA -95 -470 -234
ADATA 928 14048 -5872
MDATA -81 -499 -189
ADATA -1360 13440 -7712
MDATA -76 -528 -131
ADATA 464 12224 -10320
MDATA -58 -533 -64
ADATA 384 11904 -10448
MDATA -67 -543 -37
ADATA -400 10144 -11440
MDATA -74 -541 11
ADATA -1520 8864 -12656
MDATA -54 -544 44
ADATA -672 8832 -13792
MDATA -80 -545 95
ADATA -976 5616 -13712
MDATA -90 -526 160
ADATA 1632 4624 -14560
MDATA -82 -500 203
ADATA 320 2176 -15088
MDATA -75 -490 254
ADATA -352 2016 -15248
MDATA -72 -464 272
ADATA -352 1520 -16928
MDATA -59 -450 289
ADATA 784 896 -17280
MDATA -54 -430 299
ADATA -272 528 -16128
MDATA -66 -432 303
ADATA -416 1088 -16112
MDATA -76 -426 311
ADATA 224 640 -15888
MDATA -78 -422 309
ADATA -1136 1472 -19456
MDATA -77 -432 307
ADATA -160 160 -16336
MDATA -91 -431 305
ADATA 704 64 -16144
MDATA -99 -412 317
ADATA -384 608 -16832
MDATA -92 -418 314
ADATA 96 864 -15472
MDATA -104 -431 306
ADATA 752 320 -16704
MDATA -83 -426 308
ADATA 48 1264 -16144
MDATA -68 -420 310
ADATA 176 1152 -15888
MDATA -11 -429 297
ADATA 48 768 -16176
MDATA 17 -431 292
ADATA 16 976 -16400
MDATA 64 -418 303
ADATA 1040 1040 -16416
MDATA 131 -390 314
ADATA -528 528 -16272
MDATA 169 -364 316
ADATA 784 -336 -15984
MDATA 222 -303 325
ADATA -928 -400 -16016
MDATA 250 -253 341
ADATA 80 -1008 -16000
MDATA 284 -221 335
ADATA -112 -896 -15824
MDATA 299 -193 331
ADATA -176 -1120 -15984
MDATA 316 -148 337
ADATA 656 -13ý
READY
ADATA -688 -1552 -16096
MDATA 318 -60 350
ADATA 176 -1680 -16336
MDATA 305 -98 343
ADATA -976 -1376 -15904
MDATA 300 -153 343
ADATA 320 -1632 -16128
MDATA 285 -198 338
ADATA 2336 -1200 -15552
MDATA 238 -283 334
ADATA -2976 -336 -15888
MDATA 183 -337 334
ADATA -640 -560 -15904
MDATA 131 -368 325
ADATA -944 -800 -15968
MDATA 79 -385 331
ADATA -672 -432 -16144
MDATA 19 -395 343
ADATA -224 -512 -15616
MDATA -33 -389 344
ADATA 2400 192 -16384
MDATA -111 -378 356
ADATA 576 -1904 -15696
MDATA -151 -373 353
ADATA 480 -832 -16224
MDATA -205 -370 343
ADATA 1808 -1760 -17280
MDATA -254 -349 332
ADATA 2112 -1088 -16176
MDATA -331 -321 321
ADATA 2720 -2528 -17120
MDATA -327 -316 321
ADATA -848 -1168 -13088
MDATA -328 -314 318
ADATA -1056 -1856 -17520
MDATA -271 -332 330
ADATA -96 -912 -16048
MDATA -253 -344 331
ADATA 592 -752 -16176
MDATA -249 -343 334
ADATA 656 -720 -16256
MDATA -257 -342 329
ADATA 464 -784 -16176
MDATA -256 -340 332
ADATA 464 -784 -16208
MDATA -259 -354 330
ADATA 512 -736 -16208
MDATA -256 -346 332
ADATA 496 -752 -16160
MDATA -249 -343 334
ADATA 704 -976 -16016
MDATA -250 -344 341
ADATA 848 -640 -16192
MDATA -249 -342 334
ADATA 3568 -640 -16384
MDATA -263 -355 327
ADATA 1216 -1424 -16944
MDATA -247 -354 328
ADATA 832 -896 -16064
MDATA -245 -353 335
ADATA 832 -624 -16192
MDATA -242 -353 331
ADATA 432 -848 -16192
MDATA -244 -355 336
ADATA 800 -448 -16064
MDATA -247 -359 333
ADATA -1840 -3552 -16016
MDATA -234 -353 329
ADATA 1824 -2720 -15504
MDATA -212 -368 346
ADATA 1344 -1872 -18640
MDATA -232 -356 337
ADATA 2672 -80 -18080
MDATA -241 -352 331
ADATA 4000 -1008 -13520
MDATA -288 -339 321
ADATA 2560 -816 -16640
MDATA -321 -335 318
ADATA 1728 -384 -16992
MDATA -354 -309 311
ADATA 544 1056 -16000
MDATA -397 -296 304
ADATA 544 1824 -16000
MDATA -433 -262 283
ADATA 960 832 -15440
MDATA -464 -252 265
ADATA 1776 896 -16208
MDATA -458 -242 260
ADATA 3200 1024 -16080
MDATA -478 -212 254
ADATA 3616 1472 -15440
MDATA -499 -202 241
ADATA 3456 2048 -15392
MDATA -519 -183 240
ADATA 4480 1520 -16272
MDATA -514 -179 222
ADATA 4640 3136 -16256
MDATA -519 -195 214
ADATA 4240 5616 -15008
MDATA -494 -255 199
ADATA 4176 5776 -15296
MDATA -473 -289 186
ADATA 2752 6624 -13856
MDATA -465 -300 171
ADATA 1680 7168 -14816
MDATA -472 -295 177
ADATA 1856 7584 -14752
MDATA -488 -255 178
ADATA 3120 7440 -14160
MDATA -503 -237 192
ADATA 3344 7744 -13552
MDATA -520 -207 188
ADATA 4256 8752 -12544
MDATA -532 -163 187
ADATA 4560 10256 -11856
MDATA -542 -131 178
ADATA 6096 8576 -12016
MDATA -555 -98 175
ADATA 7520 7408 -12352
MDATA -561 -47 186
ADATA 7824 7104 -12688
MDATA -560 8 189
ADATA 8512 5440 -12880
MDATA -553 59 187
ADATA 9632 6816 -12080
MDATA -563 62 188
ADATA 9536 6672 -11904
MDATA -554 58 192
ADATA 7104 7664 -11600
MDATA -558 34 188
ADATA 7824 7584 -11856
MDATA -567 35 194
ADATA 8432 8192 -11440
MDATA -541 31 204
ADATA 8240 8000 -11568
MDATA -541 51 220
ADATA 8400 7856 -11712
MDATA -530 76 213
ADATA 9136 7312 -11568
MDATA -523 111 222
ADATA 9184 5264 -12016
MDATA -492 163 238
ADATA 9920 4672 -12624
MDATA -470 191 247
ADATA 9824 3792 -12640
MDATA -435 220 259
ADATA 10432 2720 -12720
MDATA -410 258 262
ADATA 10400 2080 -13392
MDATA -382 270 279
ADATA 9776 960 -13152
MDATA -357 294 280
ADATA 9600 1632 -13344
MDATA -310 325 297
ADATA 9440 640 -13424
MDATA -285 326 297
ADATA 9152 80 -13776
MDATA -261 340 304
ADATA 9312 -384 -13968
MDATA -264 340 304
ADATA 9552 -272 -13760
MDATA -268 333 306
ADATA 9664 256 -13968
MDATA -272 317 303
ADATA 9696 704 -13584
MDATA -289 321 303
ADATA 9520 1296 -13280
MDATA -323 303 293
ADATA 9600 6720 -12016
MDATA -538 97 202
ADATA 9664 7776 -11904
MDATA -557 54 188
ADATA 13952 8896 -10496
MDATA -570 -19 154
ADATA 7408 9840 -9856
MDATA -580 -76 136
ADATA 7552 10496 -10784
MDATA -568 -142 112
ADATA 6352 9616 -10736
MDATA -551 -216 97
ADATA 6352 9664 -10688
MDATA -511 -304 67
ERROR
ERROR
